4.4
2.7
1.6
4.4
4.4
0.5
0.5
0.5
0.5
0.5
2.7
4.4
4.4
4.4
4.4
4.4
3.5
3.5
2.7
2.7
2.7
2.7
2.7
4.4
1.6
1.6
1.6
1.6
4.4
1.6
4.4
0.5
2.7
2.7
2.7
2.7
2.7
2.7
4.4
4.4
3.5
2.7
2.7
2.7
4.4
4.4
3.5
3.5
3.5
2.7
2.7
4.4
4.4
4.4
1.6
1.6
2.7
2.7
2.7
2.7
2.7
4.4
4.4
4.4
2.7
0.5
1.6
4.4
4.4
4.4
0.5
2.7
2.7
2.7
4.4
2.7
1.6
4.4
4.4
0.5
0.5
0.5
0.5
0.5
2.7
4.4
4.4
4.4
4.4
4.4
3.5
3.5
2.7
2.7
2.7
2.7
2.7
4.4
1.6
1.6
1.6
1.6
4.4
1.6
4.4
0.5
2.7
2.7
2.7
2.7
2.7
2.7
4.4
4.4
3.5
2.7
2.7
2.7
4.4
4.4
3.5
3.5
3.5
2.7
2.7
4.4
4.4
4.4
1.6
1.6
2.7
2.7
2.7
2.7
2.7
4.4
4.4
4.4
2.7
0.5
1.6
4.4
4.4
4.4
0.5
2.7
2.7
2.7
0
0
0
0
0
0
0
0
0
0
0
0