0.843071
0.839949
0.861357
0.845564
0.856984
0.845928
0.856986
0.843384
0.866050
0.865560
0.852611
0.860077
0.865161
0.854243
0.853792
0.844371
0.860606
0.860046
0.849199
0.856761
0.854945
0.855387
0.856412
0.855939
0.848036
0.853888
0.852135
0.859060
0.858326
0.855799
0.867106
0.872379
0.872472
0.854902
0.860022
0.857773
0.849527
0.854010
0.860821
0.858583
0.842627
0.851089
0.851952
0.843676
0.855165
0.842243
0.860516
0.850018
0.854854
0.843233
0.853499
0.838807
0.843457
0.847966
0.868129
0.835040
0.850468
0.855190
0.842424
0.855057
0.846078
0.867677
0.859442
0.835283
0.849022
0.831999
0.841605
0.840408
0.845839
0.857350
0.847831
0.845220
0.839634
0.869297
0.846380
0.850455
0.858169
0.847642
0.863763
0.840313
0.844502
0.848078
0.870535
0.862169
0.849529
0.862318
0.865466
0.859921
0.846837
0.847811
0.864214
0.863212
0.856469
0.848934
0.849351
0.860183
0.860769
0.849468
0.851452
0.847462
0.858804
0.861334
0.848225
0.864391
0.868345
0.875789
0.876003
0.864144
0.864271
0.866711
0.849165
0.846923
0.872226
0.867664
0.838317
0.848200
0.852379
0.847463
0.840264
0.848704
0.855661
0.858333
0.834240
0.848230
0.853199
0.845435
0.839164
0.847825
0.866507
0.850976
0.849800
0.848285
0.856974
0.842685
0.846900
0.857521
0.861638
0.845775
0.839073
0.834524
0.843215
0.843210
0.848533
0.868160
0.849273
0.844563
0.839869
0.871189
0.859951
0.847957
0.850889
0.826422
0.828353
0.817374
0.867695
0.857606
0.842746
0.835593
0.836308
0.819584
