0.831230
0.827186
0.854452
0.833737
0.848271
0.835446
0.849056
0.832153
0.856535
0.857841
0.842015
0.851173
0.858567
0.843522
0.846654
0.833947
0.853229
0.851587
0.839164
0.849843
0.844900
0.845277
0.848590
0.848101
0.838562
0.846314
0.843497
0.851010
0.851444
0.847449
0.860841
0.868782
0.864622
0.848044
0.852247
0.847240
0.840043
0.846526
0.849989
0.847958
0.828135
0.840993
0.844850
0.831100
0.846418
0.828136
0.850556
0.841351
0.846499
0.830045
0.841130
0.823548
0.830425
0.838638
0.859688
0.819680
0.837205
0.843417
0.827784
0.847343
0.833317
0.858209
0.849734
0.820230
0.838967
0.817768
0.828396
0.827538
0.833399
0.847284
0.834172
0.833743
0.826534
0.859441
0.835204
0.841106
0.850166
0.835836
0.857413
0.827172
0.831769
0.836610
0.861280
0.853213
0.837756
0.855611
0.857675
0.850581
0.835919
0.837333
0.857031
0.855331
0.848951
0.838207
0.839606
0.850877
0.854590
0.839026
0.841454
0.839435
0.851746
0.855273
0.837576
0.858587
0.862669
0.872508
0.868729
0.859235
0.857742
0.860000
0.838895
0.836622
0.865671
0.857920
0.825570
0.839321
0.844907
0.836126
0.825581
0.836501
0.843851
0.850424
0.819642
0.836836
0.841198
0.833941
0.826508
0.836829
0.856912
0.840536
0.836862
0.834886
0.847652
0.831179
0.834408
0.846239
0.853060
0.834635
0.824904
0.821905
0.831261
0.828019
0.835904
0.859426
0.836118
0.831424
0.829958
0.861654
0.851574
0.839471
0.842432
0.812634
0.812180
0.800000
0.863056
0.851494
0.831340
0.822531
0.820928
0.801471
