0.872291
0.870102
0.878800
0.872714
0.876568
0.873885
0.878963
0.873364
0.888708
0.882580
0.876347
0.880691
0.880758
0.877511
0.873568
0.871224
0.877354
0.878614
0.872381
0.874377
0.878587
0.879137
0.873611
0.875572
0.870805
0.873997
0.873136
0.876531
0.875924
0.877189
0.881699
0.881173
0.888956
0.872032
0.876842
0.881103
0.872306
0.872905
0.886027
0.884056
0.877255
0.874096
0.870049
0.874034
0.879617
0.875504
0.884016
0.872793
0.878456
0.873485
0.882737
0.875759
0.876094
0.874563
0.888082
0.871888
0.881586
0.883663
0.875997
0.876810
0.875882
0.889923
0.882312
0.871051
0.876578
0.866072
0.873746
0.874145
0.877709
0.882127
0.880565
0.874791
0.872977
0.890930
0.873783
0.874379
0.877370
0.874903
0.879961
0.872873
0.875718
0.877603
0.891711
0.880883
0.875307
0.879712
0.882655
0.880594
0.873172
0.873828
0.879707
0.880517
0.875515
0.872555
0.873320
0.881260
0.875097
0.873556
0.874669
0.869104
0.876123
0.876142
0.872365
0.879864
0.881759
0.883457
0.891116
0.876757
0.879327
0.883865
0.872692
0.870857
0.889769
0.890096
0.871852
0.871134
0.870939
0.875494
0.875502
0.878544
0.882622
0.878267
0.870384
0.875270
0.882094
0.876653
0.872428
0.877406
0.888819
0.878883
0.880682
0.879839
0.881769
0.872641
0.876153
0.884252
0.882770
0.875434
0.873625
0.866671
0.873823
0.879411
0.880119
0.888014
0.880821
0.876004
0.868333
0.891576
0.878348
0.869576
0.872377
0.863411
0.868205
0.861931
0.879548
0.873941
0.869434
0.869817
0.873993
0.864357
