0.859247
0.856853
0.871151
0.860975
0.868176
0.861150
0.868966
0.859618
0.878818
0.875450
0.866189
0.871882
0.874017
0.867726
0.864558
0.859167
0.870201
0.870761
0.862428
0.866608
0.868383
0.868855
0.866418
0.866920
0.860797
0.865030
0.863955
0.869308
0.868185
0.867643
0.875507
0.877432
0.882136
0.864487
0.869773
0.871219
0.862421
0.864582
0.875065
0.872798
0.862093
0.864287
0.862021
0.860592
0.868389
0.860873
0.873854
0.862493
0.867649
0.860361
0.869972
0.859359
0.861445
0.862187
0.879459
0.855472
0.868056
0.871222
0.861327
0.866781
0.862958
0.880351
0.872405
0.855176
0.863870
0.850963
0.859483
0.858709
0.863322
0.871215
0.866182
0.861430
0.858038
0.881863
0.861583
0.863699
0.869003
0.863114
0.872874
0.858338
0.861877
0.864321
0.882718
0.873081
0.864293
0.871938
0.875414
0.871934
0.861597
0.862350
0.873266
0.873264
0.867163
0.862553
0.862684
0.872350
0.869058
0.863162
0.864743
0.859218
0.868641
0.869685
0.861959
0.872970
0.876030
0.880292
0.884929
0.871274
0.872953
0.876250
0.862639
0.860473
0.881951
0.880492
0.856514
0.860878
0.862822
0.862982
0.859898
0.865356
0.871029
0.869505
0.854140
0.863451
0.869354
0.862301
0.857210
0.863926
0.879231
0.866261
0.867105
0.866014
0.870556
0.859006
0.863440
0.872521
0.873521
0.861886
0.858179
0.852116
0.859962
0.863520
0.866043
0.879575
0.866928
0.862141
0.854992
0.883027
0.870672
0.859912
0.862792
0.846383
0.850280
0.841536
0.874400
0.866663
0.857739
0.854364
0.857281
0.844195
