0.880009
0.877554
0.882787
0.878960
0.881193
0.881542
0.884708
0.882072
0.894111
0.885972
0.881709
0.884956
0.884478
0.882223
0.879007
0.878095
0.881189
0.882689
0.877351
0.878584
0.883628
0.884434
0.876982
0.880282
0.876530
0.878733
0.878029
0.879648
0.879948
0.882670
0.884680
0.883102
0.892265
0.876309
0.880518
0.885944
0.877235
0.877364
0.892031
0.890762
0.885009
0.878817
0.874640
0.881771
0.886413
0.883744
0.889122
0.879079
0.884697
0.880517
0.889509
0.884934
0.884732
0.882633
0.892541
0.881742
0.888498
0.889912
0.884326
0.883223
0.882438
0.894612
0.887446
0.880563
0.884766
0.874945
0.881870
0.883922
0.886187
0.887952
0.888250
0.882750
0.881135
0.895079
0.881043
0.880361
0.881942
0.881029
0.883557
0.881187
0.883390
0.885160
0.895904
0.884931
0.881263
0.884373
0.886280
0.884491
0.879513
0.879851
0.882793
0.884003
0.879727
0.877499
0.879554
0.885349
0.877851
0.878986
0.879327
0.875487
0.879721
0.879788
0.878031
0.883731
0.884675
0.884863
0.893969
0.879519
0.882382
0.888285
0.877532
0.876489
0.893959
0.894839
0.881443
0.876909
0.875163
0.882917
0.884367
0.885728
0.888492
0.882807
0.880219
0.881625
0.889187
0.885509
0.882001
0.885258
0.893584
0.885858
0.888106
0.887430
0.888239
0.881172
0.882715
0.890900
0.887563
0.883745
0.882939
0.875677
0.882367
0.887755
0.887861
0.892122
0.888433
0.883735
0.877415
0.895890
0.881817
0.875288
0.877966
0.874014
0.879098
0.874971
0.882211
0.877927
0.876175
0.878237
0.882960
0.876410
